2 3806 2 4 12 8 6 10 4 6 4 2 8 10 4 574 2 30 6 770
6 2 4 6 70 12 28 3406 8 8 8 2 4 422 2 2 2 2 2 76
2 4 4 10 2 2 2 28 2 6 4 2 2 2 2 2 8 2 4 2
2 4 2 14 12 2 2 370 10 298 16 2386 2 2 2 18 34 2 48 18
2 2 8 26 2 2 16 2 2 26 6 3636 2 2 2 2 2 4 2 2
6 58 2 2 2 2 2 2 4 4 36 42 2 4 2 2 2 12 14 4
2 2 2 2 352 6 138 2 2 6 6 2 2 2 2 2 2 2 2 20
14 2 2 2 4 2 2 6 4 8 8 12 2 6 6 2 20 2 18 2
2 366 4 2 2 14 4 50 2 38 2 24 1926 2 4 20 2 112 10 4
2 36 2 2 202 2 12 2 4 12 2 4 2 6 4 2 2 2 4 2
2 3008 280 4 2 2 4 16 2 6 2 14 10 4 2 2 436 1982 24 2
2 4 2 130 6 18 4 10 2 14 4 6 316 58 6 2 4 92 2 10
2 2 2 4 18 2 6 78 2 4 8054 6 2 2 96 2 4 58 2 2
6 104 2 2 6 4 2 84 4 128 2 2 2 64 6 52 2 2 2 2
2 2 2 2 4 2 184 10 2 2 58 2 6 6 43324 16 10 2 2 190
2 36 2 2 2 4 2 2 2 152 2 2 2 12 4 2 4 2 12 4
2 2 4 22 2 2 4 2 2 2000 2 2 2 10 54 2 10 4 2 2
2 2 2 2 12 2 2 2 7560 2 18 2 4 2 4 2 2 64 4 2
4 4 2 2 6 2 8 82 2 26 34 10 2 2 38 2 24 4 2 2
4 2 2 2 4 2 4 108 2 4 50 2 10 6 38 2 4 2 22 130
8 2 4 4 640 220 2 2 2 2 106 12 2 2 2 10 2 2 2 386
1876 49482776 4 2 6 2 2 2 4 172 14 2 2 64 4 2 24 6 2 86
6 2 5568 3510 2 10 2 4 184 22 2 2 10 2 18 64 4 12 2 8
4 10 2 2 2 4 2 4 6 2 160 2 2 4 2 380 2 14 2 2
2 20 2 2 2 2 2 2 14 4 8 6 20 2 4 2 10 18 78 2
2 8 4 8 14 6 20 4 2 6 8 2 62 576 16 2 2 2 2 2196
6 62 2 2 670 2 4 30 2 12 20 2 22 120 4 160 6 4 14 2
2 2 8 22 2 8 14 2 6 2 120 92 2 8 4 2 2 38 16 30
46 34 4 2 2 780 2 2 90 2 6 10 2 2 5866 4 10 6 2902 2
64 2 4 2 6 12 166 2 58 38 2 2 2 2 6 6 176 2 100 2
2 12 4 10 2 6 2 2 4 2 2 4 2 58 10 2 2 6 6 2
2 8 2 2 4 4 16 8 2 4 10 2 72 2 2 30 4 22 2 2
14 2 2 2 2 14 58 4 4 178 116 2 234 58 4 2 16 2 4 2
2 4 2 2 2 2 2 2 2 2 2 2 14 118 2 2 6 2 16 12
2 498 8 2 2 2 2 2 2 14 8 4 16 50 2 166 10 1330 2 2
2 12 2 4 4 46 2 2 8 2 4 8 7290 2 4 2 2 2 8 2
2 1430 2 284 2 2 2 2 6 2 22 2 2 32 2 2 2 10 2 2
12 2 2 2 2 56 48 18 54 14 2 2 4 2 96 2 2 2 128 280
254 2 2 2 2 2 2 2 2 2 222 2 2 10 2 2 144 2 4 6
444 2 2 2 6 2 2 2 162 8 2 2 4 2 2 2 4 2 8 6
8 6 2 2 8 334 2 6 2 2 2 2 46 2 22 48 2 2 2 2
2 2 6 6098 4 2 2 2 2 2 2 2 14 30 2 2 2 2 2 4
2 4 474 2 8 2 808 2 2 2 2 4 28 2 96 2 172 2 2 8
14 2 22 62 22 1148 10 2 14 2 16 8 2 8 2 12 8 2 2 2
2 4 6 2 4 2 2 4 2 2 2 318 2 10 162 2 66 48 2 4
10 10 2 6 2 2 2 2 420 4 2 2 10 2 2 2 4 4 2 4
2 68 2 2 2 148 18 2 2 4 96 2 2 48 2 4 38 6 2 2
4 2 2 180428 76 2 2 6 4 2 368 2 2 8 2 836 28 2 24 4
2 2 2 2 12 92 4 2 852 2 2 2026 2 4 30 2 2 2 2 4
4 52 2 2 2 6 4 2 2 8 2 16 6 2 2 2 204 8 2 2
28 78 2 504 98 2 2 14 2 30 4 8 2 38 4 2 9838 18 176 2
8 2 34 2 2 2 2 4 4 14 20 2 2 28 2 2 2 2 1682 2
2 36 2 4 2 40 4 2 10 2 2 20 10 8 8 4 2 4 2 2
10 2 24 2 2 2 46 6 2 2 4 10 4 2 22 6 2 8 2 2
2 6 2 6 2 20 2 4 118 10 2 4 16 6 4 12 36 6008 10 4
2 10 10 2 2 2 2 4 2 2 2 2 2 2 2 2 4 2 680 24
54 14 2 2 2 62 26 2 2 2 2 2 38 2 926 2 2 2 2 8
2 18 8 2 2 1124 2 20 2 6 2 108 40 2 2 2 2 8 2 1508
102 2 2 72 2 8 4 2 4 36 2 2 4 10 12 96 2 68 50 10
15294 2 2 2 2 2 2 2 2 50 234 1074 94 2 20 2 1020 682 4 142
2 8 2 2 2 10 16 2 2 4 2 2 24 2 2 2 14 18 2 160
14 4 2 68 2 2 52 338 2 2 14 2 2 2 2 2 2 2 2 4
2 8 4 810 12 2 4 16 6 2 2 2 4 48 6 10 14 2 2 6
2 2 4 2 4 2 2 2 2 8 2 12 2 58 64 58 12 2 2 2
2 2 4 6 18 38 4 84 170 14 2 326 22 2 4 4 672 2 2 6
2 12 18 12 36 2 64 2 2 6 2 4 2 2 2 118 2 2 2 428
2 2 4 2 2 83804 2 2 8 16 8 94 2 2 2 2 2 2 10 12
6 4 4 2 4 12 4 2 16 2 4 4 2 2 2 2 2 252 2 10
2 2 2 6 2 2 2 2 2 2 1196 14 2 14 2 28 2 6 4 8
4 2 2 2 2 2 2 2 4 2 6 2 2 6 2 2 2 2 2 2
